20 30
0 16
0 17
1 10
1 11
1 14
1 21
1 22
1 23
1 26
1 27
2 11
2 18
2 23
3 12
3 18
3 24
3 28
4 13
4 15
4 20
4 27
5 9
5 12
5 13
5 15
5 20
5 21
5 22
5 24
5 25
5 27
6 9
6 12
6 16
6 21
6 22
6 25
6 27
7 12
7 13
7 20
7 26
7 27
8 12
8 13
8 15
8 18
8 19
8 20
9 12
9 13
10 13
10 15
10 16
10 18
10 19
10 20
11 14
11 15
11 17
11 19
11 22
11 23
12 11
12 12
12 13
12 16
12 17
12 24
12 25
13 5
13 6
13 11
13 12
13 18
13 19
13 22
13 24
13 25
14 5
14 6
14 20
14 21
14 22
16 20
16 21
16 22
