20 30
1 22
2 21
2 22
3 19
3 20
3 22
3 23
4 19
4 20
5 11
5 12
5 19
5 22
5 23
6 11
6 12
6 20
6 21
6 22
7 21
10 21
10 22
11 21
11 22
12 9
12 10
12 11
12 13
12 23
13 9
13 10
13 13
13 19
13 22
13 23
14 9
14 12
14 13
14 17
14 18
14 22
14 23
15 6
15 7
15 8
15 10
15 11
15 12
15 17
15 19
15 22
16 6
16 7
16 9
16 11
16 17
16 18
16 20
16 21
16 22
17 5
17 6
17 9
17 10
17 19
17 20
17 21
17 22
18 6
18 9
18 17
18 19
19 7
19 8
19 17
19 19
